0.267
0.266
0.534
0.533
0.8
0.8
2.788
1.187
3.175
1.575
3.692
2.091
4.209
2.866
4.984
3.087
5.206
3.308
5.428
3.529
5.65
3.75
9.21
5.53
9.803
6.124
10.396
6.286
10.558
6.448
10.719
6.61
10.881
6.772
11.042
6.934
11.204
7.096
22.674
7.806
22.877
8.009
23.08
8.211
23.283
8.414
23.486
9.047
24.12
9.68
24.753
10.314
25.386
10.496
25.568
10.679
25.75
10.861
25.932
11.039
26.119
11.221
26.939
12.041
27.759
12.861
29.763
12.826
30.527
13.191
30.891
13.556
31.255
13.921
31.619
14.648
32.345
15.375
33.072
16.101
33.799
16.443
34.14
16.785
34.482
17.126
34.824
17.896
39.904
26.716
43.444
32.446
43.882
32.884
44.32
33.322
44.758
34.27
45.706
35.218
46.654
36.166
47.203
36.715
47.752
37.264
48.302
37.812
48.852
38.361
49.401
38.913
49.947
39.302
50.336
39.691
50.725
40.081
51.113
40.471
51.502
40.86
51.891
41.249
54.755
41.603
55.109
41.957
55.463
43.644
57.149
45.331
62.919
48.211
65.799
50.171
70.865
54.395
71.295
54.825
71.725
56.265
73.165
57.705
74.605
60.488
75.919
61.801
76.303
62.184
76.687
62.567
77.071
62.951
77.717
63.072
78.101
63.455
78.485
63.676
78.707
63.897
78.929
64.118
79.151
64.339
80.558
65.745
81.965
70.395
84.285
72.255
85.06
73.03
85.765
73.735
86.47
74.44
87.175
75.145
