242460
6300
253680
24120
37620
928380
534180
191700
11760
159240
19140
595980
476220
58980
5820
100620
6300
328140
4560
6780
69420
579120
577080
631920
120
148200
928140
43860
3600
300
660627
167880
186840
279044
420120
67800
323460
112020
5280
634261
1920
902340
2100
4200
480
177060
42360
37020
54540
335520
300
152040
111360
491760
80340
318060
3120
5400
184740
15420
100860
235136
1620
621660
560228
504420
6780
245820
482288
429660
995536
75120
460020
32160
202500
317820
265260
36180
174180
19740
8400
40260
2940
8700
7080
64020
360
84840
180
908340
7680
58860
22560
8280
569096
69660
293880
6900
259260
3780
311776
111036
413940
271620
64560
299400
32880
957960
997780
60
113340
466980
511200
276000
185160
323940
318420
777960
4200
573140
2220
1237800
222960
108300
58980
20100
82320
362160
600
9000
1245660
16800
1001040
148
116
240
480
840
419340
120
60060
86880
6180
180
98100
3300
342240
1111320
8400
91680
621780
875700
634620
420
379380
18000
62100
8820
503580
275820
348180
5100
477900
636420
575340
222360
86580
2760
2820
1560
420
1200
1440
107040
31440
304260
59100
267960
21720
68760
262380
4560
331020
1722300
47520
301170
1020
168000
113310
1613550
92190
446340
65250
1900620
420060
245280
