12
3
25
14
39
14
46
14
46
17
51
17
65
26
71
26
76
27
76
28
77
32
77
36
89
37
94
64
101
65
101
72
111
78
115
79
123
81
133
96
134
101
134
103
135
103
136
107
144
109
148
112
151
115
153
118
153
119
155
124
160
128
160
131
162
137
168
140
183
140
187
141
192
144
203
146
223
166
226
167
238
172
239
172
245
190
245
190
245
196
245
208
259
209
279
230
282
235
323
236
337
250
394
250
405
323
411
358
425
569
495
