1.1
1.1
1.178
1.178
1.256
1.256
1.334
1.334
1.412
1.412
1.488
1.645
1.721
1.879
5.121
2.479
5.571
2.5
5.592
2.521
5.613
2.542
5.634
2.566
5.86
2.792
6.086
3.018
6.312
4.723
8.017
5.288
8.582
5.514
8.808
5.74
9.034
5.966
10.732
6.134
10.9
6.302
11.068
6.472
11.45
6.854
11.832
7.238
12.087
7.493
12.342
7.748
12.597
8.003
13.159
8.565
13.721
9.129
14.283
9.691
14.845
10.255
21.045
15.175
21.145
15.275
21.245
15.375
21.345
16.58
22.55
17.383
23.353
18.187
24.156
18.99
24.96
20.195
26.165
21.4
27.37
22.845
27.585
23.06
27.8
23.275
28.015
23.49
28.23
23.705
28.445
23.92
28.66
24.14
29.593
25.073
30.527
25.773
31.227
31.373
31.953
32.099
32.679
32.825
33.405
34.212
34.312
35.119
35.221
36.649
38.851
37.582
39.784
38.516
40.584
39.316
41.384
40.976
