0.825
0.825
1.65
1.65
1.978
1.977
2.305
2.305
2.633
2.632
2.96
2.96
3.288
3.287
3.615
3.615
3.943
3.942
4.27
4.27
4.368
4.368
4.466
4.466
4.564
4.564
4.662
4.662
4.76
4.76
8.285
5.235
8.605
5.555
8.925
7.465
9.875
7.785
10.195
8.105
10.532
8.441
10.869
9.451
13.461
9.704
13.714
9.956
14.219
10.461
14.724
10.966
15.229
11.471
16.739
11.741
18.009
11.011
18.279
11.281
19.623
16.827
20.07
17.273
20.517
17.611
20.854
17.348
21.792
21.528
22.232
21.968
22.672
23.508
22.892
23.728
23.112
23.948
23.332
25.118
25.312
25.778
26.632
28.268
27.124
28.581
27.527
28.983
27.849
29.305
28.171
29.627
28.493
32.847
29.398
33.752
33.423
34.557
35.033
36.367
35.653
36.987
36.893
38.227
39.523
40.397
44.163
41.157
44.467
41.461
44.771
41.765
45.075
42.81
45.93
44.33
46.183
44.584
46.436
51.614
48.653
52.12
49.16
54.02
49.54
55.54
52.76
56.012
53.233
56.485
53.705
56.738
53.959
56.991
55.949
65.571
56.709
71.501
58.419
73.679
58.588
73.847
58.756
74.016
58.924
75.146
59.209
75.431
59.494
75.716
59.779
76.001
60.634
76.856
62.144
77.693
62.48
78.03
64.93
79.35
67.26
80.3
67.575
80.615
77.325
81.605
78.315
86.015
82.88
87.5
83.645
88.265
90.875
90.46
91.06
90.83
91.06
94.025
91.615
94.77
91.99
45.6
144.4
45.93
145.06
47.595
145.855
50.115
146.076
50.357
146.42
50.65
147.58
53.73
148.16
54.31
149.22
54.73
149.325
54.835
150.13
55.21
152.41
55.72
152.71
56.89
153.64
57.31
154
58.86
156.2
59.705
156.365
