107400
17220
180
32880
960
26100
44160
333720
17820
40860
18780
960
960
79860
240
120
1800
480
780
37260
2100
72060
258704
480
21900
478620
80760
1200
80700
688860
2220
758880
166620
8280
951354
1320
14700
3420
2520
162480
520320
96720
418200
434760
543780
8820
488280
480
540
2220
1080
137340
91860
22800
22920
473340
354901
369480
380220
848640
120
3416
74160
262500
879300
360
8160
180
237920
120
70800
12960
300
120
558540
188040
56280
420
414464
240780
206640
4740
10140
300
4140
472080
300
87600
48240
41940
576612
71820
83100
900
240300
73740
169800
1
302280
3360
2340
82260
559920
780
10740
180
430860
166740
600
376140
5100
549540
540
900
521252
420
518640
1020
4140
480
180
600
53760
82440
180
273000
59880
840
7140
76320
148680
237840
4560
1920
16860
77040
74760
738180
147000
76680
70800
66180
27540
55020
120
296796
90180
724560
167100
106200
480
117360
6480
60
97860
398580
391380
180
180
240
540
336900
264480
847080
26460
349320
4080
64680
840
540
589980
332280
94140
240060
2700
900
1080
11580
2160
192720
87840
84360
378120
58500
83880
158640
660
3180
1560
3180
5700
226560
9840
69060
68880
65460
402900
75480
380220
704968
505680
54420
319020
95220
5100
6240
49440
420
667320
120
7200
68940
26820
448620
339420
480
1042680
779580
8040
1158240
907140
58500
383940
2039460
522240
66000
43500
2040
600
226320
327600
201300
226980
553440
1020
960
512760
819240
801660
160380
71640
363990
9090
227970
17190
597900
689400
11520
23850
75870
123030
26010
75240
68130
811050
498360
623280
3330
7290
47160
1328400
109800
343890
1615860
14940
680760
26220
376110
181890
64320
468180
1568580
333720
180
810
322110
21960
363600
