5400
10200
24060
8460
33900
16500
6300
87540
5400
51780
1140
6300
2400
16260
109140
94380
5400
15600
14400
30660
131460
38700
273480
84540
23160
175860
310020
148920
79680
12720
4920
70320
71340
1200
219660
36540
1680
44160
20160
48300
210060
30180
168000
173580
56820
271440
139920
186240
15900
185640
208020
62340
40380
29820
257334
480
108360
133920
137160
18420
170040
32640
10200
24000
120480
352260
75000
1380
163020
13980
9120
29400
9360
1200
3600
1500
79800
75600
159600
600
292080
140040
207660
14640
1200
136320
3000
39240
249960
446460
99600
780
72900
69960
108120
249420
730560
506880
46920
790260
841020
33480
158640
548460
130560
556380
16740
539820
94980
13920
84780
3780
233640
13860
420
40920
4560
507840
55740
82680
409620
1167840
69120
668700
160320
11220
22380
219300
266340
2100
157740
144480
14040
34200
346652
1080
9000
6660
120
240
240
68700
1620
77340
234540
900
960
1260
540
1260
1560
600
22620
600
600
21000
35880
59040
141540
291720
512880
171360
229740
170700
175620
81660
23340
63420
58020
2100
396240
10020
132700
70620
163080
348000
66960
190260
123540
5520
960
180900
423900
335460
5220
559140
95280
297360
23220
3480
186240
101940
245160
298020
406920
186600
25440
35220
15360
48600
46740
596820
479760
84480
8760
5100
73140
1380
12300
540
55260
14760
4200
13020
18600
28020
360420
116400
120780
1109520
119520
99660
23760
19800
155880
185220
104880
47940
408840
24180
34560
612600
30420
52920
1200
637860
35760
891600
253140
288360
1800
101280
105540
863400
172440
70320
554940
11700
432480
26700
7560
28200
39060
511380
315960
131460
37260
750480
23940
400080
180
240
480
262200
279180
3960
43320
364020
11820
447660
249480
146040
26940
142920
32100
78120
309660
26640
209700
18000
195000
2700
79560
86460
80100
77160
9000
5640
678720
57120
18120
780
263820
210600
2640
600
523500
147420
199740
25800
97740
1560
61380
41520
70080
4800
68040
15660
130860
213660
73260
242760
722940
423360
420
1440
340860
128700
940500
448980
21900
157200
360
225600
10860
1320
156540
3900
43860
68340
13440
31380
123120
39180
130620
4860
9360
4320
48780
4980
7560
55500
30900
140940
29160
21480
33420
20700
50040
10740
142020
79440
113640
59400
78300
196380
25980
5520
50460
1800
2880
23520
41520
71040
193140
162180
245700
64860
123900
57000
21360
22140
26700
12180
268260
