5400
81060
2100
13620
22800
13380
4620
5100
26640
45960
5100
28800
58620
1920
99540
60000
3000
34500
52500
2280
32100
167940
42840
145920
43380
43380
26820
286500
27000
44400
110220
269100
60840
85800
98820
61260
156300
52740
54960
32100
129660
116760
75000
37260
24180
146640
35760
16080
900
10320
2280
28800
75960
52140
28920
52920
240
600
13080
58980
1140
62160
34620
118140
262980
47400
1320
41880
39300
115860
66960
178740
2340
6780
780
42840
55500
890340
1620
73560
284407
85140
177360
45360
44400
270472
172140
960
23700
190020
55260
48660
264900
1080
86700
60
1
337920
31320
245760
36480
187260
28980
120
119340
1740
840
1500
1200
2820
51960
8940
1800
1680
7980
420
11460
25440
99360
45360
62040
24360
3420
2220
41460
128040
134340
16800
5760
41760
540
540
600
420
540
305040
102480
60840
86880
130980
172140
144660
12180
66960
155820
5100
242820
33840
34140
479968
31260
23520
57720
454200
36060
3780
226440
73560
180
20760
10340
45660
117720
10860
71280
83460
79560
319260
219328
38940
19200
6900
101280
174180
80040
188280
2880
43260
494640
38700
53520
100560
207840
810840
48720
130920
280260
23160
25020
501060
175476
659392
790440
107400
625140
507300
1016040
1080
30540
56160
224520
12120
13080
142140
510780
181500
131580
6180
120
228900
4320
9300
75720
13080
118020
33900
29940
86400
118980
8400
33000
43020
118620
137940
287160
720
660
2460
2760
8880
420
840
480
87960
228360
100020
163260
66420
255840
13080
4740
1980
430800
12660
40020
16680
1080
2100
1020
13080
842220
805176
18780
47100
110520
840
266760
33480
38520
70800
119100
462600
17400
543060
191040
3720
103080
117360
63960
3960
442860
22260
241500
49920
144240
37260
122580
