26100
139680
300
409980
751920
1579800
374280
111600
113460
625380
321920
240120
74160
274560
225000
2460
539340
243000
900
557220
667440
319800
124560
389520
1680180
773220
1056420
193740
521340
4980
2065920
143340
522660
572160
139920
720
9900
1980
3060
81900
960
140940
678540
13140
1200
302640
780
1354276
91500
2760
231000
227820
80700
1380
501840
15660
1106100
1200
363780
66480
4380
16020
169440
138560
720
2700
53880
10980
1806980
84900
361200
420
1020
1156140
733500
435540
507000
166080
204300
232140
525360
253620
70800
936720
132480
74200
330720
161580
13560
3900
289620
13500
1980
59940
7920
2040
18300
1032360
183660
1484160
19140
554100
1680
23400
517740
29520
54660
37800
38340
78540
534660
54960
56580
195180
68940
70380
401700
87240
32520
40920
3360
59880
119220
7560
192840
20580
755040
5940
393240
157140
1134660
78660
6360
358140
41700
131700
100440
7920
238620
142740
18180
315780
73380
4980
430560
48540
90240
216840
72660
55980
11040
504720
3060
32520
59940
91560
360
550380
637410
184050
555600
56340
476100
47430
1337220
844290
1578780
588720
195930
2790
2520
1080
248850
21690
347130
368370
13680
424890
119340
219600
12870
1524330
361800
114930
95760
240570
675360
70440
1411350
15210
1566270
8010
