242460
248760
502440
526560
564180
1492560
2026740
2218440
2230200
2389440
2408580
3004560
3480780
3539760
3545580
3646200
3652500
3980640
3985200
3991980
4061400
4640520
5217600
5849520
5849640
5997840
6925980
6969840
6973440
6973740
7634367
7802247
7989087
8268131
8688251
8756051
9079511
9191531
9196811
9831072
9832992
10735332
10737432
10741632
10742112
10919172
10961532
10998552
11053092
11388612
11388912
11540952
11652312
12144072
12224412
12542472
12545592
12550992
12735732
12751152
12852012
13087148
13088768
13710428
14270656
14775076
14781856
15027676
15509964
15939624
16935160
17010280
17470300
17502460
17704960
18022780
18288040
18324220
18498400
18518140
18526540
18566800
18569740
18578440
18585520
18649540
18649900
18734740
18734920
19643260
19650940
19709800
19732360
19740640
20309736
20379396
20673276
20680176
20939436
20943216
21254992
21366028
21779968
22051588
22116148
22415548
22448428
23406388
24404168
24404228
24517568
24984548
25495748
25771748
25956908
26280848
26599268
27377228
27381428
27954568
27956788
29194588
29417548
29525848
29584828
29604928
29687248
30049408
30050008
30059008
31304668
31321468
32322508
32322656
32322772
32323012
32323492
32324332
32743672
32743792
32803852
32890732
32896912
32897092
32995192
32998492
33340732
34452052
34460452
34552132
35173912
36049612
36684232
36684652
37064032
37082032
37144132
37152952
37656532
37932352
38280532
38285632
38763532
39399952
39975292
40197652
40284232
40286992
40289812
40291372
40291792
40292992
40294432
40401472
40432912
40737172
40796272
41064232
41085952
41154712
41417092
41421652
41752672
43474972
43522492
43823662
43824682
43992682
44105992
45719542
45811732
46258072
46323322
48223942
48644002
48889282
