12
15
40
54
93
107
153
167
213
230
281
298
363
389
460
486
562
589
665
693
770
802
879
915
1004
1041
1135
1199
1300
1365
1466
1538
1649
1727
1842
1921
2044
2125
2258
2354
2488
2589
2723
2826
2961
3064
3200
3307
3451
3560
3708
3820
3971
4086
4239
4357
4510
4629
4784
4908
5068
5196
5356
5487
5649
5786
5954
6094
6277
6417
6604
6745
6937
7081
7284
7430
7653
7819
8045
8212
8450
8622
8861
9033
9278
9468
9713
9903
10148
10344
10589
10797
11056
11265
11544
11774
12056
12291
12614
12850
13187
13437
13831
14081
14486
14809
15220
15578
16003
16572
17067
