107400
124620
124800
157680
158640
184740
228900
562620
580440
621300
640080
641040
642000
721860
722100
722220
724020
724500
725280
762540
764640
836700
1095404
1095884
1117784
1596404
1677164
1678364
1759064
2447924
2450144
3209024
3375644
3383924
4335278
4336598
4351298
4354718
4357238
4519718
5040038
5136758
5554958
5989718
6533498
6542318
7030598
7031078
7031618
7033838
7034918
7172258
7264118
7286918
7309838
7783178
8138079
8507559
8887779
9736419
9736539
9739955
9814115
10076615
10955915
10956275
10964435
10964615
11202535
11202655
11273455
11286415
11286715
11286835
11845375
12033415
12089695
12090115
12504579
12745359
12951999
12956739
12966879
12967179
12971319
13443399
13443699
13531299
13579539
13621479
14198091
14269911
14353011
14353911
14594211
14667951
14837751
14837752
15140032
15143392
15145732
15227992
15787912
15788692
15799432
15799612
16230472
16397212
16397812
16773952
16779052
17328592
17329132
17330032
17851284
17851704
18370344
18371364
18375504
18375984
18376164
18376764
18430524
18512964
18513144
18786144
18846024
18846864
18854004
18930324
19079004
19316844
19321404
19323324
19340184
19417224
19491984
20230164
20377164
20453844
20524644
20590824
20618364
20673384
20673504
20970300
21060480
21785040
21952140
22058340
22058820
22176180
22182660
22182720
22280580
22679160
23070540
23070720
23070900
23071140
23071680
23408580
23673060
24520140
24546600
24895920
24900000
24964680
24965520
24966060
25556040
25888320
25982460
26222520
26225220
26226120
26227200
26238780
26240940
26433660
26521500
26605860
26983980
27042480
27126360
27285000
27285660
27288840
27290400
27293580
27299280
27525840
27535680
27604740
27673620
27739080
28141980
28217460
28597680
29302648
29808328
29862748
30181768
30276988
30282088
30288328
30337768
30338188
31005508
31005628
31012828
31081768
31108588
31557208
31896628
31897108
32939788
33719368
33727408
34885648
35792788
35851288
36235228
38274688
38796928
38862928
38906428
38908468
38909068
39135388
39462988
39664288
39891268
40444708
40445728
40446688
40959448
41778688
42580348
42740728
42812368
43176358
43185448
43413418
43430608
44028508
44717908
44729428
44753278
44829148
44952178
44978188
45053428
45121558
45932608
46430968
47054248
47057578
47064868
47112028
48440428
48550228
48894118
50509978
50524918
51205678
51231898
51608008
51789898
51854218
52322398
53890978
54224698
54224878
54225688
54547798
54569758
54933358
