320
14710
23710
26590
32290
54090
80890
194430
306567
307227
309927
338720
340893
348156
359021
363251
371711
386516
398360
403721
410274
416773
419897
471220
488230
490120
495520
557832
582658
608993
609356
623345
638403
670780
712412
716572
798612
811801
815227
821060
821700
822340
825220
825330
847410
908064
960227
972773
973557
983750
991591
1022956
1047269
1346159
1347439
1369538
1388688
1391299
1430469
1486263
1528895
1796495
1883569
2033175
2047575
2082135
2121735
2456130
2752145
2929544
3144166
3300566
3467366
3478166
3745166
5843999
6458079
6465759
9095426
12044126
12231326
12249326
12427526
12915326
13554526
13889086
15357886
15444606
15643806
15859006
15945406
16034046
17848446
17852606
17855806
18055006
18411166
18929566
19275166
19306526
19572126
