5400
15600
39660
48120
82020
98520
104820
192360
197760
249540
250680
256980
259380
275640
384780
479160
484560
500160
514560
545220
676680
715380
988860
1073400
1096560
1272420
1582440
1731360
1811040
1823760
1828680
1899000
1970340
1971540
2191200
2227740
2229420
2273580
2293740
2342040
2552100
2582280
2750280
2923860
2980680
3252120
3392040
3578280
3594180
3779820
3987840
4050180
4090560
4120380
4377714
4378194
4486554
4620474
4757634
4776054
4946094
4978734
4988934
5012934
5133414
5485674
5560674
5562054
5725074
5739054
5748174
5777574
5786934
5788134
5791734
5793234
5873034
5948634
6108234
6108834
6400914
6540954
6748614
6763254
6764454
6900774
6903774
6943014
7192974
7639434
7739034
7739814
7812714
7882674
7990794
8240214
8970774
9477654
9524574
10314834
11155854
11189334
11347974
11896434
12026994
12583374
12600114
13139934
13234914
13248834
13333614
13337394
13571034
13584894
13585314
13626234
13630794
14138634
14194374
14277054
14686674
15854514
15923634
16592334
16752654
16763874
16786254
17005554
17271894
17273994
17431734
17576214
17590254
17624454
17971106
17972186
17981186
17987846
17987966
17988206
17988446
18057146
18058766
18136106
18370646
18371546
18372506
18373766
18374306
18375566
18377126
18377726
18400346
18400946
18401546
18422546
18458426
18517466
18659006
18950726
19463606
19634966
19864706
20035406
20211026
20292686
20316026
20379446
20437466
20439566
20835806
20845826
20978526
21049146
21212226
21560226
21627186
21817446
21940986
21946506
21947466
22128366
22552266
22887726
22892946
23452086
23547366
23844726
23867946
23871426
24057666
24159606
24404766
24702786
25109706
25296306
25321746
25356966
25372326
25420926
25467666
26064486
26544246
26628726
26637486
26642586
26715726
26717106
26729406
26729946
26785206
26799966
26804166
26817186
26835786
26863806
27224226
27340626
27461406
28570926
28690446
28790106
28813866
28833666
28989546
29174766
29279646
29327586
29736426
29760606
29795166
30407766
30438186
30491106
30492306
31130166
31165926
32057526
32310666
32599026
32600826
32702106
32807646
33671046
33843486
33913806
34468746
34480446
34912926
34939626
34947186
34975386
35014446
35525826
35841786
35973246
36010506
36760986
36784926
37185006
37185186
37185426
37185906
37448106
37727286
37731246
37774566
38138586
38150406
38598066
38847546
38993586
39020526
39163446
39195546
39273666
39583326
39609966
39819666
39837666
40032666
40035366
40114926
40201386
40281486
40358646
40367646
40373286
41052006
41109126
41127246
41128026
41391846
41602446
41605086
41605686
42129186
42276606
42476346
42502146
42599886
42601446
42662826
42704346
42774426
42779226
42847266
42862926
42993786
43207446
43280706
43523466
44246406
44669766
44670186
44671626
45012486
45141186
46081686
46530666
46552566
46709766
46710126
46935726
46946586
46947906
47104446
47108346
47152206
47220546
47233986
47265366
47388486
47427666
47558286
47563146
47572506
47576826
47625606
47630586
47638146
47693646
47724546
47865486
47894646
47916126
47949546
47970246
48020286
48031026
48173046
48252486
48366126
48425526
48503826
48700206
48726186
48731706
48782166
48783966
48786846
48810366
48851886
48922926
49116066
49278246
49523946
49588806
49712706
49769706
49791066
49813206
49839906
49852086
50120346
