5400
86460
88560
102180
124980
138360
142980
148080
174720
220680
225780
254580
313200
315120
414660
474660
477660
512160
564660
566940
599040
766980
809820
955740
999120
1042500
1069320
1355820
1382820
1427220
1537440
1806540
1867380
1953180
2052000
2113260
2269560
2322300
2377260
2409360
2539020
2655780
2730780
2768040
2792220
2938860
2974620
2990700
2991600
3001920
3004200
3033000
3108960
3161100
3190020
3242940
3243180
3243780
3256860
3315840
3316980
3379140
3413760
3531900
3794880
3842280
3843600
3885480
3924780
4040640
4107600
4286340
4288680
4295460
4296240
4339080
4394580
5284920
5286540
5360100
5644507
5729647
5907007
5952367
5996767
6267239
6439379
6440339
6464039
6654059
6709319
6757979
7022879
7023959
7110659
7110719
7110720
7448640
7479960
7725720
7762200
7949460
7978440
7978560
8097900
8099640
8100480
8101980
8103180
8106000
8157960
8166900
8168700
8170380
8178360
8178780
8190240
8215680
8315040
8360400
8422440
8446800
8450220
8452440
8493900
8621940
8756280
8773080
8778840
8820600
8821140
8821680
8822280
8822700
8823240
9128280
9230760
9291600
9378480
9509460
9681600
9826260
9838440
9905400
10061220
10066320
10309140
10342980
10377120
10857088
10888348
10911868
10969588
11423788
11459848
11463628
11690068
11763628
11763808
11784568
11794908
11840568
11958288
11969148
12040428
12123888
12203448
12522708
12742036
12780976
12800176
12807076
12908356
13082536
13162576
13350856
13353736
13396996
13891636
13930336
13983856
14084416
14292256
15103096
15151816
15282736
15562996
15586156
15611176
16112236
16287712
16947104
17737544
17844944
18470084
18977384
19993424
19994504
20025044
20081204
20305724
20317844
20330924
20473064
20983844
21165344
21296924
21303104
21303224
21532124
21536444
21545744
21621464
21634544
21752564
21786464
21816404
21902804
22021784
22030184
22063184
22106204
22224824
22362764
22649924
22650644
22651304
22653764
22656524
22665404
22665824
22666664
22667144
22755104
22983464
23083484
23246744
23313164
23569004
23582084
23586824
23588804
24019604
24032264
24072284
24088964
24090044
24092144
24093164
24106244
24948464
25753640
25772420
25819520
25930040
25930880
26197640
26231120
26269640
26340440
26459540
26922140
26939540
27482600
27673640
27677360
27780440
27897800
27961760
27965720
28408580
28430840
28672340
28722260
28866500
28903760
29026340
