26100
165780
166080
576060
1327980
2907780
3282060
3393660
3507120
4132500
4454420
4694540
4768700
5043260
5268260
5270720
5810060
6053060
6053960
6611180
7278620
7598420
7722980
8112500
9792680
10565900
11622320
11816060
12337400
12342380
14408300
14551640
15074300
15646460
15786380
15787100
15797000
15798980
15802040
15883940
15884900
16025840
16704380
16717520
16718720
17021360
17022140
18376416
18467916
18470676
18701676
18929496
19010196
19011576
19513416
19529076
20635176
20636376
21000156
21066636
21071016
21087036
21256476
21395036
21395756
21398456
21452336
21463316
23270296
23355196
23716396
23716816
23717836
24873976
25607476
26043016
26550016
26716096
26920396
27152536
27677896
27931516
28002316
28939036
29071516
29145716
29476436
29638016
29651576
29655476
29945096
29958596
29960576
30020516
30028436
30030476
30048776
31081136
31264796
32748956
32768096
33322196
33323876
33347276
33865016
33894536
33949196
33986996
34025336
34103876
34638536
34693496
34750076
34945256
35014196
35084576
35486276
35573516
35606036
35646956
35650316
35710196
35829416
35836976
36029816
36050396
36805436
36811376
37204616
37361756
38496416
38575076
38581436
38939576
38981276
39112976
39213416
39221336
39459956
39602696
39620876
39936656
40010036
40015016
40445576
40494116
40584356
40801196
40873856
40929836
40940876
41445596
41448656
41481176
41541116
41632676
41633036
42183416
42820826
43004876
43560476
43616816
44092916
44140346
45477566
46321856
47900636
48489356
48685286
48688076
48690596
48691676
48940526
48962216
49309346
49677716
49691396
50116286
50235626
50455226
50468096
51992426
52354226
52469156
52564916
52805486
53480846
53551286
54962636
54977846
56544116
56552126
