60
90
630
697
737
760
765
818
822
838
932
947
952
1042
1119
1187
1202
1339
1362
1363
1467
1483
1492
1502
1514
1518
1528
1610
1616
1670
1695
1738
1750
1798
1821
1827
1837
1849
1863
1896
1905
1909
1975
1975.5
1993.5
2008.5
2083.5
2113.5
2229.5
2243.5
2258.5
2299.5
2300.5
2399.5
2408.5
2453.5
2521.5
2557.5
2607.5
2688.5
2777.5
2862.5
2916.5
2919.5
2934.5
2940.5
2948.5
2984.5
3082.5
3114.5
3150.5
3155.5
3164.5
3224.5
3258.5
3274.5
3438.5
3561.5
3580.5
3599.5
3725.5
3761.5
3815.5
3830.5
3846.5
4000.5
4084.5
4176.5
4423.5
4667.5
4727.5
4732.5
4734.5
4739.5
4869.5
4870
5103
5153
5207
5259
5316
5317
5319
5324
5325
5342
5356
5358
5445
5464
5493
5493.5
5554.5
5672.5
5692.5
5695.5
5706.5
5793.5
5798.5
6047.5
6075.5
6119.5
6150.5
6153.5
6163.5
6166.5
6174.5
6191.5
6194.5
6249.5
6256.5
6268.5
6274.5
6278.5
6447.5
6477.5
6481.5
6519.5
6526.5
6530.5
6534.5
6547.5
6557.5
6597.5
6654.5
6676.5
6713.5
6840.5
6852.5
6860.5
6861.5
6882.5
6986.5
6994.5
7017.5
7018.5
7024.5
7165.5
7168.5
7189.5
7192.5
7210.5
7211
7286
7378
7417
7446
7449
7451
7609
7639
7663
7668
7760
7767
7800
7820
7836
8128
8131
8140
8152
8170
8179
8254
8269
8315
8324
8418
8443
8618
8623
8635
8653
8723
8726
8736
8850
9063
9275
9279
9284
9390
9654
9923
10199
10200
10403
10520
10521
10566
10571
10681
10699
10709
10888
10954
10955
11061
11063
11082
11199
11229
11359
11390
11418
11422
11724
12086
12091
12154
12196
12282
12540
12834
13090
13208
13221
13268
13360
13703
13831
14223
14313
14429
14464
14635
14774
14884
14982
15042
15132
15214
15219
15249
15284
15515
15577
15735
17357
17710
17743
17813
17848
17964
18773
20483
21228
21578
22048
22170
22414
24798
25047
25654
25737
25739
25765
26351
26703
27376
27706
28355
28478
30267
31555
31666
31741
31815
32148
32435
32436
33317
33330
34644
35116
35479
35485
35489
35544
35953
35989
36004
37408
37425
37496
37530
37964
38024
38043
38063
38142
38166
38706
39746
39784
39862
39903
41660
41865
43960
44748
44749
47417
47887
47897
47917
48255
48477
48505
48561
49122
49187
49287
50187
50399
50686
50739
50742
55715
55912
57086
57869
59215
59274
59372
60966
60991
61089
61811
62039
62117
62150
62603
63623
67950
68875
69177
69826
69869
70054
70211
70241
72012
73100
73656
73711
78603
78684
78745
79221
79284
79287
79290
79352
79353
79397
80633
82039
82148
83619
85416
87165
89261
89337
91504
93563
95740
97633
97831
101157
104257
104843
107529
107653
107882
108890
