1.1
2.2
3.378
4.556
5.812
7.068
8.402
9.736
11.148
12.56
14.048
15.693
17.414
19.293
24.414
26.893
32.464
34.964
40.556
43.077
48.69
51.232
56.866
59.432
65.292
68.084
74.17
77.188
83.5
88.223
96.24
101.528
110.11
115.624
124.432
130.172
139.206
145.172
155.904
162.038
172.938
179.24
190.308
196.78
208.23
215.084
226.916
234.154
246.241
253.734
266.076
273.824
286.421
294.424
307.583
316.148
329.869
338.998
353.281
362.972
377.817
388.072
409.117
424.292
445.437
460.712
481.957
497.332
518.677
535.257
557.807
575.19
598.543
616.73
640.886
659.876
684.836
705.031
731.196
752.596
779.966
802.811
830.396
853.456
881.256
904.531
932.546
956.036
984.266
1007.971
1036.416
1060.336
1088.996
1113.136
1142.729
1167.802
1198.329
1224.102
1255.329
1286.702
1318.655
1350.754
1383.433
1416.258
1449.663
1483.875
1518.187
1553.306
1588.527
1625.176
1664.027
1701.609
1741.393
1779.909
1820.493
1859.809
1901.193
1942.169
