0.267
0.533
1.067
1.6
2.4
3.2
5.988
7.175
10.35
11.925
15.617
17.708
21.917
24.783
29.767
32.854
38.06
41.368
46.796
50.325
55.975
59.725
68.935
74.465
84.268
90.392
100.788
107.074
117.632
124.08
134.799
141.409
152.29
159.062
170.104
177.038
188.242
195.338
218.012
225.818
248.695
256.704
279.784
287.995
311.278
319.692
343.178
352.225
376.345
386.025
410.778
421.092
446.478
456.974
482.542
493.221
518.971
529.832
555.764
566.803
592.922
604.143
631.082
643.123
670.882
683.743
713.506
726.332
756.859
770.05
800.941
814.497
845.752
859.673
891.292
905.94
938.285
953.66
986.732
1002.833
1036.632
1053.075
1087.215
1104
1138.482
1155.608
1190.432
1208.328
1248.232
1274.948
1318.392
1350.838
1394.72
1427.604
1471.924
1505.246
1550.004
1584.274
1629.98
1665.198
1711.852
1748.018
1795.221
1831.936
1879.688
1916.952
1965.254
2003.066
2051.918
2090.279
2139.68
2178.593
2228.54
2267.842
2318.178
2357.869
2408.594
2448.675
2499.788
2540.259
2591.761
2632.621
2684.512
2725.761
2780.516
2822.119
2877.228
2919.185
2974.648
3018.292
3075.441
3120.772
3183.691
3231.902
3297.701
3347.872
3418.737
3473.132
3544.427
3599.252
3670.977
3727.242
3800.407
3858.112
3932.717
3993.205
4069.124
4130.925
4207.228
4269.412
4346.099
4408.666
4485.737
4548.688
4626.405
4689.477
4767.578
4831.033
4909.518
4973.194
5051.901
5115.798
5194.727
5258.845
5337.996
5402.335
5482.893
5548.638
5630.603
5700.998
5785.283
5857.538
5942.598
6015.628
6101.393
6175.128
6261.598
6336.038
6423.213
6498.358
