0.825
1.65
3.3
4.95
6.928
8.905
11.21
13.515
16.148
18.78
21.74
24.7
27.988
31.275
34.89
38.505
42.448
46.39
50.66
54.93
59.298
63.666
68.132
72.598
77.162
81.726
86.388
91.05
95.81
100.57
108.855
114.09
122.695
128.25
137.175
144.64
154.515
162.3
172.495
180.6
191.132
199.573
210.442
219.893
233.354
243.058
256.772
266.728
280.947
291.408
306.132
317.098
332.327
343.798
360.537
372.278
390.287
401.298
419.577
430.858
450.481
467.308
487.378
504.651
525.168
542.779
563.633
580.981
602.773
624.301
646.533
668.501
691.173
714.681
737.573
761.301
784.413
808.361
831.693
856.811
882.123
907.901
934.533
962.801
989.925
1018.506
1046.033
1075.016
1102.865
1132.17
1160.341
1189.968
1218.461
1251.308
1280.706
1314.458
1347.881
1382.438
1417.471
1453.838
1489.491
1526.478
1563.371
1601.598
1641.121
1681.518
1725.681
1766.838
1811.305
1852.766
1897.537
1939.302
1984.377
2027.187
2073.117
2117.447
2163.63
2208.214
2254.65
2306.264
2354.917
2407.037
2456.197
2510.217
2559.757
2615.297
2668.057
2724.069
2777.302
2833.787
2887.492
2944.23
2998.189
3055.18
3111.129
3176.7
3233.409
3304.91
3363.329
3437.008
3495.596
3569.443
3628.199
3702.215
3761.139
3836.285
3895.494
3970.925
4030.419
4106.135
4165.914
4241.915
4302.549
4379.405
4441.549
4519.242
4581.722
4659.752
4724.682
4804.032
4871.292
4951.592
5019.167
5099.782
5177.107
5258.712
5337.027
5423.042
5505.922
5593.422
5677.067
5765.332
5856.207
5946.667
6037.727
6128.557
6219.617
6313.642
6405.257
6500.027
6592.017
6637.617
6782.017
6827.947
6973.007
7020.602
7166.457
7216.572
7362.648
7413.005
7559.425
7610.075
7757.655
7811.385
7959.545
8013.855
8163.075
8217.805
8367.13
8421.965
8572.095
8627.305
8779.715
8835.435
8988.145
9045.035
9198.675
9255.985
9409.985
9468.845
9625.045
9684.75
9841.115
