37320
68460
71940
91200
112680
113280
115560
134400
211800
224400
267240
269980
286000
293200
293320
324340
350980
351280
359920
360700
368380
368980
375400
388300
388660
414460
415060
430780
450160
458440
473440
484300
484900
487180
487600
498280
501500
510500
518300
527240
547700
556700
569000
593000
593060
594800
594860
597380
599660
616640
618020
634640
642020
645620
657200
668720
674180
674960
675800
708380
723560
724160
735020
740360
745760
751160
761960
762260
762560
762860
800060
838460
845660
845960
863060
921800
928520
931100
947900
1009760
1047800
1073000
1073060
1131800
1139000
1163180
1185800
1190600
1191080
1201280
1202180
1206200
1211900
1217300
1234400
1235660
1249040
1253300
1253480
1259540
1281140
1281500
1285220
1299080
1310360
1314380
1316840
1331480
1332080
1332680
1333280
1333880
1355060
1366800
1400520
1411740
1422600
1468980
1471200
1494000
1498500
1504800
1510200
1536600
1550100
1579300
1595800
1631500
1635340
1635520
1640320
1648300
1651900
1654000
1667860
1677700
1691680
1703800
1710460
1727500
1742740
1743700
1744300
1748800
1754200
1759600
1759900
1760200
1800040
1802680
1821880
1827280
1836280
1946980
1990180
2018080
2028880
2055940
2091220
2118940
2203480
2222680
2223340
2243980
2267680
2281780
2308720
2370040
2391940
2418640
2462860
2471860
2646940
2649908
2784405
2788360
2812322
2815360
2815360
2815360
2961760
2963020
2965180
3101620
3104560
3106000
3114160
3114160
3114338
3131624
3143624
3179560
3214785
3220362
3226157
3229681
3230297
3232832
3237049
3239380
3239740
3244300
3254368
3273220
3279460
3294460
3300100
3337960
3351460
3351460
3351460
3351460
3351460
3354340
3356320
3360160
3398020
3398020
3429640
3479755
3485128
3514660
3516940
3534732
3542579
3550514
3575826
3581380
3587260
3588760
3666040
3674920
3699160
3799540
3828760
3962691
3984518
4061560
4067440
4079560
4080775
4123720
4136871
4155040
4173162
4234720
4322920
4326208
4338820
4363360
4463620
4530220
4552720
4680615
4762720
4824518
4873607
4928920
4945960
4954120
4958800
4959400
4972064
5124220
5190820
5210620
5215420
5255620
5257420
5358220
5653300
5690140
5776608
5787220
5811774
5898220
6058720
6095920
6109420
6120886
6247464
6271420
6293440
6321820
6326343
6398620
6428320
6428601
6728020
6802600
6808840
6819520
6857320
6889720
6904120
6912520
6920388
6922268
6924793
6925478
6927303
6949120
6983320
7008520
7034505
7115320
7163584
7165475
7165504
7166436
7168221
7309720
7309720
7311520
7403320
7425820
7425940
7468120
7548820
7548820
7554136
7554480
7555398
7558391
7582849
7583603
7585897
7597720
7613500
7631920
7637320
7640920
7644520
7651540
7652620
7655320
7686843
7687238
7707820
7713220
7742320
7764220
7787020
7787620
7794820
7854220
7895020
7898620
7900120
7907620
7925460
7930868
7938220
7952020
7953220
7991104
7995859
7999044
8001802
8031880
8069320
8086420
8091069
8093803
8103100
8213800
8260420
8281060
8378864
8426387
8426972
8459384
8481908
8487805
8494646
8518120
8523520
8532520
8570980
8584548
8591913
8596900
8598220
8608420
8614720
8631661
8638120
8642620
8651800
8690660
8690941
8691701
8697427
8704406
8705617
8716573
8721527
8726864
8727179
8753020
8759411
8759440
8762568
8765436
8775100
8780020
8812495
8816075
8843980
8845626
8847827
8865092
8869283
8875651
8879920
8919220
8928100
8928160
8928280
8929720
8977660
8996320
9003520
9010720
9014380
9015100
9017920
9027099
9030807
9039967
9047980
9055720
9084880
9098020
9141847
9215866
9226720
9273640
9317980
9373150
9411366
9436980
9461598
9465798
9503746
9522722
9536184
9555798
9559398
9620598
9622398
9694098
9717870
9719019
9748398
9770898
9778098
9789918
9793398
9841864
9871698
9896373
9902085
9995898
10018698
10024698
10036698
10042331
10155258
10184343
10276749
10432740
10434300
10438620
10544760
10548840
10557720
10558080
10592731
10605498
10612398
10619898
10631718
10640702
10655102
10684158
10693759
10697619
10773438
10773438
10790086
10795160
10801218
10804818
10893993
10895983
10961049
11010918
11021718
11054118
11061318
11085416
11131224
11134218
11202076
11243418
11243958
11334318
11363118
11373834
11384718
11409954
11410610
11430452
11433712
11440818
11503518
11537658
11610018
11650518
11673018
11686143
11689353
11743398
11791878
11964318
11976318
11978718
11979318
11990718
11994198
11994558
12029598
12038153
12094794
12097194
12100554
12104754
12111354
12120918
12146118
12156918
12190998
12209898
12216849
12253758
12307190
12310161
12348618
12390378
12428890
12473178
12476778
12514578
12517518
12525378
12530178
12533478
12533598
12536178
12593778
12626178
12653358
12674478
12690078
12736878
12772372
12916761
12963678
13003398
13088516
13116978
13127778
13426610
13437428
13453009
13458945
13499718
13576578
13613778
13617978
13793058
13818078
13981758
13982358
13983198
14064378
14076268
14077294
14078538
14080578
14132778
14239538
14303198
14305358
14421278
14440838
14633438
14634624
14680238
14689086
14721878
14762675
14762737
14800118
14840438
14931038
14970148
15024038
15063038
15078038
15106838
15142358
15156758
15208806
15347558
15432158
15551858
15626738
15626738
15633938
15686138
15770738
15776138
15781538
15788738
15875138
15896738
15898538
15898538
15902138
15905738
15920138
15988538
16019138
16026338
16029938
16067738
16080038
16082138
16089338
16094738
16125338
16125938
16128938
16129658
16132538
16133618
16199738
16199738
16235738
16311338
16318538
16333838
16334738
16338338
16338338
16340138
16428338
16431938
16433738
16437338
16439138
16469738
16477077
16484138
16487738
16563338
16563338
16566370
16567153
16568135
16568599
16570313
16577273
16742993
16787993
16809593
16811393
16814993
16814993
16814993
16876313
16882433
16908593
16908593
16915793
16951193
16952153
16953293
16956473
16987773
16996793
17151493
17275573
17277073
17285293
17311779
17316325
17316583
17320542
17323738
17328143
17401737
17405545
17410223
17410621
17420583
17422838
17424638
17429133
17431684
17480293
17518294
17524616
17526686
17674006
17676694
17676904
17679344
17680638
17680740
17682840
17686440
17697134
17699545
17701841
17705656
17719942
17721253
17723773
17852667
17868613
17892068
17892704
17893605
17900544
17901699
17968707
17969054
17971462
17978937
18016136
18036078
18057816
18073873
18100201
18135794
18151504
18162138
18245481
18256645
18276408
18395680
18426914
18481473
18488890
18492163
18512925
18522615
18529129
18535982
18688326
18746214
18748856
18756296
18756576
18760764
18761180
18776597
18784259
18786525
18787858
18808411
18832902
18868936
18876995
18898227
18956689
18961767
19086988
19216011
19268968
19270910
19306923
19370883
19371973
19408432
19471433
19505237
19684469
19738965
19809533
19826439
19937941
20095216
20109916
20113444
20264376
20339836
20617216
20675776
20823796
20825116
20832091
20841058
20841514
20841574
20841574
20843326
20875966
20922890
20923978
20956038
20956050
20959538
20962366
20962366
20962702
20993034
20998250
20999722
21000890
21004538
21048962
21052386
21099661
21105466
21112186
21167850
21180938
