82530
796230
1467450
1528920
1606050
1811700
1917360
1950750
1967310
1976670
2044170
2048760
2171970
2177370
2856330
2913930
2999610
3026070
3126690
3138840
3293190
3457800
3460950
3471300
3628800
3695670
3941370
4108680
4136400
4366260
4387680
4391460
4497030
4499730
4569120
4631850
4652190
5065740
5120910
5162850
5238270
5239170
5282370
5662980
6163830
6233760
6237360
6238350
6252750
6255180
6273090
6278760
6488820
6571440
6723180
6782310
6785820
6974640
7063200
7239330
7244460
7542540
7684020
7697700
7698600
7791030
8004510
8036460
8409960
8641980
8759880
8824140
8828640
9082350
9385290
9456750
9972720
10232730
10330650
11004120
11099700
11438010
11473560
11725380
11925090
12394530
12583710
12683610
12683880
12683970
12734640
12896820
13125150
13126770
13155210
13305690
13341690
13341870
13452030
13965480
14058900
14064300
14075010
14406840
14813190
15120090
15700590
15701850
15880050
16004430
16317900
16476840
