760
1518
1821
1827
1849
1863
1905
1909
1993
2008
2229
2243
2258
2299
2300
2453
2862
2916
2940
2984
3164
3561
3580
3725
3761
3815
5152
5315
5323
5324
5341
5357
5444
5463
5492
5492
5497
5857
5867
5878
5978
6230
6690
6869
6872
6896
7149
7312
7366
7503
7831
7834
7843
7855
7873
7882
7957
7972
8338
8766
8978
9093
9357
9626
9902
9903
10902
10932
11427
11899
12243
12793
12924
12971
13063
13926
14917
14952
24501
24750
25357
25440
26054
26406
27079
31258
31369
31444
31851
32139
33033
34347
35192
35247
35656
35692
35707
37667
37727
37746
37766
37845
37869
39606
47590
47600
47620
47958
48208
49890
50102
50389
50445
55418
58918
58977
59075
61514
63326
69529
69914
73414
78306
78993
79055
81851
85119
88964
89040
